============================================================
Deep model configs
============================================================
  label    n_layers  d_model  wd_ratio  head_dim  n_heads  gqa_ratio  n_kv_heads  ffw_mult  n_non_emb   mbs   lr           iters  
  --------------------------------------------------------------------------------------------------------------------------------
  175M     16        1024     64        64        16       4          4           4         0.176       14    0.000979     88000  
  350M     20        1280     64        64        20       4          5           4         0.344       8     0.000901     78000  
  600M     24        1536     64        64        24       4          6           4         0.595       4     0.000841     64000  
  1B       28        1792     64        64        28       4          7           4         0.944       3     0.000794     58000  
  90M      15        768      51        64        12       4          3           4         0.093       24    0.001061     128000 
  1.7B     30        2304     77        64        36       4          9           4         1.672       2     0.000739     48000  

